-41.630000 17.970000
-41.630000 17.830000
-41.740000 17.940000
-41.460000 18.150000
-41.290000 17.680000
-41.490000 16.410000
-41.990000 17.100000
-41.510000 15.880000
-41.440000 16.130000
-41.810000 16.370000
-41.930000 17.010000
-41.330000 16.210000
-41.330000 16.410000
-41.410000 16.670000
-41.370000 16.000000
-41.310000 15.320000
-41.390000 15.060000
-41.150000 15.590000
-41.330000 14.490000
-41.260000 14.470000
-41.060000 14.740000
-40.990000 14.510000
-40.930000 14.640000
-40.960000 14.160000
-41.070000 14.550000
-41.410000 14.050000
-40.950000 14.990000
-41.150000 14.520000
-41.020000 14.840000
-41.010000 14.060000
-40.950000 14.040000
-41.240000 13.640000
-41.200000 14.040000
-41.170000 13.980000
-41.260000 13.980000
-41.270000 13.600000
-41.580000 14.250000
-42.670000 6.790000
-41.860000 6.900000
-40.130000 16.650000
-39.910000 17.530000
-42.010000 13.560000
-41.130000 15.020000
-40.980000 14.550000
-41.110000 13.760000
-40.740000 15.160000
-41.580000 15.020000
-41.050000 14.960000
-40.830000 14.230000
-40.900000 14.590000
-41.110000 14.300000
-41.040000 14.650000
-41.000000 14.580000
-40.940000 14.750000
-40.840000 14.550000
-41.080000 15.010000
-40.860000 14.980000
-41.040000 14.940000
-41.270000 13.470000
-40.930000 13.500000
-41.970000 11.990000
-42.320000 16.410000
-44.400000 16.810000
-43.740000 17.180000
-44.020000 18.120000
-43.840000 17.660000
-44.450000 18.780000
-44.520000 19.100000
-44.440000 19.920000
-44.160000 19.940000
-44.410000 21.610000
-44.490000 20.990000
-44.230000 21.760000
-44.020000 24.280000
-43.830000 24.730000
-43.820000 24.350000
-43.690000 25.610000
-43.880000 25.090000
-43.370000 26.500000
-43.370000 26.870000
-42.550000 27.000000
-45.010000 26.360000
-42.350000 26.660000
-42.450000 27.270000
-42.550000 27.840000
-41.270000 28.510000
-41.740000 25.960000
-41.340000 26.180000
-40.840000 25.610000
-40.330000 26.310000
-40.640000 24.890000
-40.830000 24.440000
-40.890000 23.510000
-40.040000 23.950000
-37.960000 26.550000
-39.970000 23.050000
-39.940000 22.910000
-39.050000 23.850000
-40.320000 23.350000
-27.860000 33.270000
-41.010000 23.690000
-40.950000 25.290000
-40.840000 26.590000
-40.250000 28.310000
-41.930000 26.950000
-40.580000 28.390000
-40.980000 29.710000
-42.850000 24.960000
-42.150000 25.350000
-42.210000 23.120000
-40.410000 26.400000
-41.750000 21.600000
-39.130000 25.620000
-41.120000 17.440000
-40.750000 20.090000
-41.110000 17.580000
-41.230000 16.200000
-41.280000 12.340000
-41.090000 11.440000
-41.270000 7.240000
-40.690000 3.560000
-40.920000 -3.870000
-41.180000 -4.160000
-41.350000 -1.460000
-40.830000 -1.910000
-41.390000 -4.800000
-40.840000 -6.380000
-41.130000 -6.220000
-41.040000 -5.500000
-41.460000 -6.660000
-40.510000 -14.510000
-41.160000 -9.090000
-40.860000 -12.520000
-40.720000 -13.350000
-40.670000 -13.560000
-41.100000 -12.330000
-39.860000 -16.420000
-41.710000 -20.070000
-39.020000 -21.730000
-39.960000 -17.710000
-40.300000 -22.490000
-41.250000 -24.270000
-39.070000 -26.550000
-39.590000 -26.900000
-40.040000 -33.090000
-39.210000 -31.720000
0.000000 0.000000
-39.110000 -33.370000
-37.970000 -34.430000
-39.790000 -36.520000
-39.230000 -37.640000
-42.010000 -37.240000
-37.470000 -43.220000
-39.220000 -43.070000
-38.900000 -43.490000
-39.120000 -43.720000
-39.660000 -44.060000
-39.990000 -43.820000
-39.980000 -44.540000
-37.680000 -46.470000
-42.530000 -44.240000
-41.010000 -43.830000
-37.930000 -46.840000
-39.050000 -46.450000
-35.970000 -48.060000
-37.510000 -46.530000
-37.880000 -46.170000
-37.300000 -46.360000
-37.560000 -45.850000
-44.210000 -40.310000
-30.380000 -50.600000
-36.780000 -45.510000
-34.440000 -44.820000
-36.010000 -41.260000
-35.650000 -39.800000
-36.190000 -36.920000
-33.740000 -36.830000
-32.610000 -34.030000
-30.040000 -36.850000
-31.120000 -31.970000
-30.070000 -31.560000
-31.250000 -28.940000
-31.530000 -28.160000
-31.420000 -27.060000
-32.040000 -25.720000
-32.250000 -25.540000
-32.740000 -25.000000
-29.820000 -27.270000
-31.320000 -23.130000
-29.180000 -23.360000
-28.400000 -21.480000
-27.500000 -20.570000
-27.210000 -18.280000
-27.590000 -16.810000
-27.470000 -16.500000
-26.880000 -15.250000
-26.890000 -13.480000
-26.620000 -11.050000
-26.730000 -7.400000
-27.020000 -4.380000
-27.030000 -2.500000
-26.830000 -0.990000
-26.840000 -0.440000
-26.940000 -0.210000
-26.850000 1.870000
-27.060000 4.020000
-27.140000 6.300000
-27.420000 10.350000
-27.630000 11.320000
-27.790000 13.460000
-28.220000 13.530000
-28.190000 15.650000
-29.180000 16.200000
-29.560000 17.430000
-30.230000 19.750000
-31.420000 19.130000
-29.750000 23.110000
-29.000000 25.220000
-31.120000 22.550000
-31.350000 23.340000
-31.260000 24.170000
-31.530000 24.180000
-31.410000 24.600000
-30.470000 25.250000
-31.870000 24.080000
-30.520000 25.890000
-29.300000 27.220000
-32.590000 24.750000
-32.350000 26.660000
-32.970000 26.950000
-33.370000 27.590000
-34.350000 25.880000
-34.170000 27.710000
-35.310000 23.120000
-30.200000 34.280000
-33.780000 27.720000
-33.680000 25.080000
-33.200000 25.360000
-35.390000 22.400000
-33.530000 27.540000
-34.080000 25.040000
-30.670000 28.410000
-31.210000 28.240000
-31.530000 26.380000
-30.680000 28.770000
-29.530000 29.650000
-31.430000 26.140000
-30.920000 25.120000
-30.570000 30.200000
0.000000 0.000000
-31.620000 26.030000
-30.340000 18.100000
-30.640000 24.240000
-32.590000 20.860000
-29.680000 27.160000
-31.510000 19.200000
-28.630000 26.040000
-29.530000 21.820000
-32.800000 21.550000
-31.680000 19.510000
-30.040000 19.440000
-30.250000 18.650000
-31.860000 14.990000
-32.600000 15.030000
-33.890000 14.000000
-34.220000 7.970000
-34.150000 7.000000
-34.140000 1.740000
-34.170000 2.830000
-34.550000 -1.390000
-34.640000 -3.560000
-34.650000 -5.700000
-34.760000 -7.710000
-34.250000 -7.350000
-34.690000 -9.680000
-34.700000 -11.310000
-34.590000 -12.820000
-34.500000 -12.890000
-34.610000 -14.550000
-35.050000 -15.910000
-34.690000 -16.830000
-34.760000 -16.240000
-33.580000 -17.670000
-33.800000 -16.140000
-34.900000 -10.650000
-34.110000 -10.950000
-35.870000 -4.150000
-28.770000 12.920000
-42.500000 23.550000
-39.380000 26.280000
-38.780000 22.870000
-37.080000 15.490000
-37.410000 -4.600000
-36.940000 -5.020000
-37.590000 -3.530000
-35.550000 -9.590000
-36.310000 -14.090000
-38.310000 -7.200000
-44.060000 -3.040000
-40.820000 -36.680000
-40.390000 -41.830000
-42.130000 -41.150000
-40.270000 -43.130000
-41.570000 -41.750000
-43.970000 -41.360000
-43.470000 -40.920000
-36.970000 -48.410000
-43.120000 -43.750000
-42.250000 -45.250000
-36.550000 -50.540000
-33.230000 -47.840000
-37.520000 -43.570000
-36.920000 -46.680000
-37.230000 -45.220000
-38.130000 -46.180000
-38.700000 -38.100000
-36.290000 -44.230000
-36.840000 -36.500000
-36.210000 -35.190000
-34.010000 -35.030000
-35.020000 -29.410000
-33.680000 -31.380000
-33.850000 -15.600000
-33.400000 -18.240000
-31.080000 -12.510000
-32.350000 -14.220000
-33.730000 -9.160000
-32.650000 -3.670000
-33.980000 9.680000
-33.970000 -3.690000
-33.840000 7.230000
-33.770000 8.140000
-33.770000 19.990000
-29.230000 25.340000
-29.920000 21.900000
-30.730000 19.300000
-27.330000 33.230000
-29.380000 25.400000
-28.780000 28.880000
-30.300000 26.350000
-26.420000 31.150000
-27.180000 29.230000
-28.580000 26.460000
-27.740000 23.970000
-26.100000 22.460000
-27.260000 21.050000
-26.720000 19.670000
-26.650000 17.940000
-25.560000 15.590000
-24.500000 13.770000
-25.380000 11.430000
-25.520000 11.820000
-25.310000 12.870000
-25.900000 12.660000
-26.200000 14.700000
-29.630000 17.450000
-27.900000 24.600000
-30.760000 22.780000
-28.740000 27.770000
-29.870000 28.470000
-26.650000 28.750000
-28.840000 26.240000
-27.250000 26.990000
-26.220000 27.880000
-26.930000 25.610000
-26.320000 25.140000
-26.410000 24.670000
-25.370000 23.920000
-25.330000 22.650000
-25.230000 23.590000
-27.050000 17.940000
-28.710000 18.780000
-30.710000 16.830000
-33.280000 15.940000
-35.620000 15.370000
-36.820000 17.200000
-38.120000 10.150000
-37.600000 13.540000
-37.090000 12.360000
-36.030000 14.880000
-34.240000 15.860000
-33.170000 13.830000
-30.570000 12.970000
-29.820000 14.920000
-31.320000 10.750000
-31.710000 24.670000
-30.270000 34.360000
-30.660000 3.920000
-26.800000 -20.630000
-26.980000 -17.120000
-26.550000 -21.080000
-29.770000 -12.220000
-27.940000 -12.660000
-33.140000 -7.580000
-28.780000 -13.730000
-27.410000 -10.110000
-31.180000 -15.810000
-31.480000 -15.610000
-28.230000 -22.470000
-30.660000 -18.300000
-26.980000 -27.190000
-27.610000 -24.260000
-23.520000 -22.020000
-23.360000 -17.830000
-24.520000 29.130000
-27.910000 16.250000
-25.790000 15.240000
-24.440000 -1.200000
-26.490000 8.250000
-28.810000 5.270000
-31.460000 1.990000
-34.550000 -12.230000
-24.110000 -41.530000
-6.300000 -62.830000
-3.190000 -61.710000
-15.640000 -54.590000
-17.140000 -44.480000
-26.760000 -53.670000
-31.480000 -41.280000
-35.850000 -35.660000
-37.810000 -28.420000
-38.720000 -24.480000
-36.350000 -28.550000
-36.430000 -26.510000
-35.900000 -27.260000
-31.580000 -31.550000
-26.960000 -38.200000
-25.140000 -42.600000
-30.420000 -39.400000
-25.530000 -37.890000
-30.390000 -35.440000
-28.930000 -16.730000
-20.710000 5.150000
-24.610000 8.070000
-28.110000 16.520000
-34.310000 19.700000
-36.350000 18.940000
-37.490000 25.900000
-36.670000 18.280000
-31.740000 9.960000
-31.750000 8.260000
-26.400000 3.330000
-21.330000 -4.980000
-12.130000 -11.040000
-9.470000 -19.570000
-2.540000 -20.870000
-0.620000 -20.670000
-2.440000 -20.420000
-1.380000 -20.550000
-10.360000 -14.650000
-14.500000 -5.130000
-28.310000 10.220000
-32.470000 14.810000
-37.940000 19.740000
-40.310000 19.200000
0.000000 0.000000
-37.860000 28.730000
-39.830000 18.700000
-38.960000 16.930000
-33.000000 23.610000
-24.720000 10.310000
-29.290000 0.860000
-25.870000 -3.830000
-30.200000 -7.280000
-19.520000 -10.710000
-11.060000 -14.770000
7.550000 -22.650000
12.990000 -26.680000
6.320000 -25.880000
1.670000 -23.850000
-3.090000 -21.850000
-3.390000 -20.660000
-6.390000 -18.580000
-10.440000 -15.870000
-12.620000 -14.070000
-14.820000 -10.520000
-16.950000 -10.140000
-17.150000 -8.020000
-17.940000 -7.980000
-18.060000 -8.740000
-17.940000 -8.630000
-16.340000 -8.610000
-15.850000 -10.300000
-12.250000 -13.950000
-4.960000 -20.290000
2.190000 -24.470000
7.500000 -28.040000
5.950000 -28.370000
-4.130000 -23.530000
-11.470000 -16.510000
-22.600000 -9.460000
-28.390000 0.290000
-34.730000 9.750000
-40.130000 18.370000
-38.720000 29.700000
-44.900000 19.920000
-45.230000 23.350000
-46.030000 22.290000
-45.730000 22.050000
-44.890000 21.790000
-45.150000 16.000000
-43.730000 8.330000
-39.830000 -3.300000
-38.270000 -11.550000
-31.830000 -28.220000
-23.850000 -48.250000
-10.420000 -59.210000
-3.620000 -63.570000
4.330000 -65.340000
9.130000 -65.840000
11.460000 -64.290000
0.560000 -63.390000
-18.210000 -60.180000
-21.610000 -53.330000
-27.350000 -47.820000
-30.420000 -45.880000
-32.430000 -42.120000
-33.780000 -40.370000
-34.910000 -39.100000
-34.750000 -37.870000
-35.260000 -40.320000
-33.770000 -42.760000
-31.260000 -48.420000
-30.250000 -48.860000
-30.260000 -47.890000
-30.150000 -50.090000
-29.760000 -49.970000
-29.870000 -49.260000
-29.610000 -50.600000
-29.510000 -50.880000
-25.940000 -54.160000
-21.380000 -56.720000
-14.020000 -57.890000
-9.340000 -58.270000
-0.120000 -57.350000
3.340000 -55.660000
4.860000 -54.780000
0.870000 -53.150000
-1.770000 -50.520000
-5.370000 -47.520000
-10.210000 -43.310000
-16.640000 -34.420000
-24.390000 -23.730000
-24.330000 -12.610000
-30.830000 -1.790000
-37.370000 5.910000
-42.790000 15.990000
-46.700000 20.590000
-47.350000 20.230000
-46.020000 12.700000
-43.610000 15.680000
-40.580000 4.430000
-33.970000 -2.960000
-30.250000 -9.560000
-14.510000 -15.390000
9.970000 -21.070000
17.660000 -23.200000
14.440000 -24.110000
14.420000 -23.750000
14.180000 -25.590000
11.300000 -25.180000
2.360000 -22.080000
-20.910000 -14.090000
-29.760000 -6.200000
-36.950000 -0.280000
-39.270000 10.030000
-41.700000 8.060000
-43.340000 22.430000
-46.710000 26.860000
-48.300000 28.380000
-49.570000 24.310000
-48.140000 21.700000
-45.460000 1.660000
-40.700000 -5.900000
-40.080000 -22.510000
-33.390000 -34.560000
-27.070000 -48.020000
-18.000000 -60.950000
-7.640000 -61.190000
1.060000 -62.120000
5.460000 -60.990000
9.950000 -60.230000
7.140000 -61.530000
8.360000 -57.900000
6.250000 -57.390000
2.190000 -51.440000
-3.430000 -51.840000
-6.540000 -45.450000
-10.810000 -40.920000
-15.800000 -31.700000
-16.140000 -20.060000
-25.600000 -6.780000
-32.720000 11.030000
-36.820000 20.510000
-38.330000 25.510000
-40.030000 21.790000
-39.990000 20.350000
-40.350000 15.390000
-37.420000 20.980000
-30.990000 19.060000
-25.950000 8.320000
-33.370000 -5.890000
-28.390000 0.570000
-37.870000 7.220000
-43.790000 18.480000
-48.250000 22.250000
-41.490000 28.330000
-44.670000 29.750000
-47.410000 33.130000
-54.830000 25.560000
-49.690000 33.650000
-46.030000 37.240000
-48.170000 2.760000
-44.720000 5.790000
-48.220000 -11.340000
-43.020000 -16.620000
-36.220000 -31.560000
-27.890000 -36.740000
-19.960000 -45.890000
-12.550000 -52.750000
-3.180000 -56.800000
1.370000 -61.860000
3.120000 -65.070000
5.390000 -65.810000
15.450000 -61.390000
-11.460000 -59.830000
-14.030000 -58.060000
-18.880000 -57.600000
-11.870000 -57.240000
0.000000 0.000000
-12.610000 -57.900000
-17.540000 -58.240000
-16.050000 -58.640000
-11.880000 -59.030000
-15.130000 -59.420000
-13.530000 -58.650000
-15.180000 -57.260000
-13.140000 -57.820000
-15.320000 -56.200000
-15.810000 -52.640000
-18.390000 -48.570000
-21.050000 -39.410000
-24.120000 -27.170000
-28.880000 -12.810000
-29.690000 17.560000
-29.010000 29.270000
-29.790000 35.220000
-31.150000 35.030000
-32.020000 31.810000
-30.710000 31.310000
-32.650000 28.830000
-32.420000 27.200000
-33.010000 24.790000
-31.560000 25.810000
-33.710000 22.340000
-34.750000 20.360000
-32.780000 21.020000
-35.380000 14.310000
-35.930000 9.350000
-36.300000 3.670000
-34.880000 2.260000
-34.170000 2.870000
-34.230000 -5.380000
-34.090000 -13.190000
-22.310000 -19.270000
22.500000 -20.000000
21.430000 -23.660000
20.100000 -27.040000
15.620000 -31.030000
14.690000 -31.840000
1.570000 -34.260000
-2.160000 -38.090000
-12.840000 -38.490000
-21.920000 -35.440000
-24.010000 -37.550000
-32.450000 -31.070000
-34.260000 -31.170000
-35.430000 -31.090000
-38.620000 -29.160000
-41.080000 -25.370000
-39.260000 -29.330000
-46.790000 -16.090000
-47.100000 -11.130000
-51.370000 -1.990000
-48.110000 -1.360000
-50.520000 -39.550000
-52.550000 12.760000
-54.820000 32.000000
-53.160000 30.720000
-52.620000 39.760000
-52.930000 32.360000
-50.060000 40.880000
-49.580000 -31.650000
-48.780000 11.440000
-49.270000 -29.160000
-47.260000 -30.530000
-45.120000 -40.030000
-42.840000 -48.430000
-39.240000 -51.060000
-35.420000 -56.890000
-31.200000 -62.230000
-30.620000 -64.780000
-26.900000 -66.840000
-25.760000 -66.740000
-24.930000 -66.670000
-25.490000 -61.090000
-24.220000 -57.000000
-22.040000 -61.290000
-19.180000 -63.240000
-19.490000 -62.510000
-16.380000 -64.370000
-13.170000 -65.050000
-8.400000 -69.740000
-5.370000 -67.190000
-0.980000 -67.990000
1.890000 -67.360000
2.980000 -67.850000
2.990000 -68.090000
4.880000 -68.240000
7.840000 -67.230000
11.560000 -65.820000
15.770000 -64.490000
15.080000 -62.360000
13.630000 -58.510000
8.400000 -59.200000
6.810000 -56.850000
4.950000 -55.690000
0.800000 -54.420000
-1.090000 -55.620000
0.560000 -51.360000
-5.370000 -48.540000
-10.090000 -42.070000
-13.700000 -46.280000
-13.560000 -27.260000
-18.550000 -0.820000
-25.810000 8.990000
-29.540000 21.650000
-34.110000 26.260000
-36.620000 25.040000
-38.070000 17.000000
-31.820000 24.460000
-29.920000 13.420000
-23.990000 5.270000
-21.210000 -0.950000
-21.170000 -3.540000
-22.660000 -5.850000
-24.540000 -7.680000
-24.090000 -13.300000
-21.890000 -13.390000
-26.310000 -14.210000
-25.870000 -16.390000
-34.070000 -11.250000
-36.670000 -12.120000
-42.650000 -9.840000
-42.680000 -17.930000
-42.130000 -24.300000
-41.210000 -25.900000
-40.980000 -28.930000
-47.530000 -22.420000
-43.340000 -26.240000
-50.070000 -24.060000
-46.610000 -13.260000
-49.820000 -24.260000
-48.820000 29.830000
-52.420000 -2.540000
-48.490000 -24.190000
-45.810000 -31.420000
-40.570000 -38.730000
-37.680000 -37.450000
-35.770000 -43.460000
-32.530000 -42.320000
-29.170000 -46.820000
-30.330000 -51.850000
-25.620000 -53.150000
-20.410000 -58.340000
-13.850000 -62.140000
-10.050000 -70.000000
-6.100000 -68.370000
-3.960000 -69.760000
-2.790000 -69.100000
-3.790000 -70.470000
-1.540000 -70.200000
8.410000 -68.610000
5.250000 -67.870000
22.430000 -64.440000
23.930000 -62.330000
16.160000 -61.100000
12.820000 -61.230000
9.850000 -59.790000
4.070000 -58.690000
-2.840000 -56.350000
-8.790000 -52.490000
-12.200000 -46.970000
-17.860000 -37.130000
-22.100000 -26.760000
-20.620000 -16.890000
-25.320000 -5.790000
-26.940000 7.390000
-28.320000 19.550000
-28.270000 25.650000
-30.960000 22.870000
-29.670000 24.690000
-34.940000 22.160000
-30.840000 28.160000
-34.970000 27.600000
-40.480000 21.760000
-43.830000 17.940000
-42.020000 20.910000
-39.450000 23.930000
-39.540000 14.870000
-31.150000 17.270000
-39.660000 11.980000
-39.600000 14.380000
-38.080000 8.010000
-36.270000 14.270000
-34.730000 18.280000
-37.200000 -0.260000
-36.730000 18.980000
-39.210000 21.990000
-35.800000 27.680000
-37.700000 25.090000
-40.700000 17.100000
-39.170000 15.180000
-36.970000 20.690000
-35.920000 22.200000
-35.300000 22.410000
-35.800000 17.340000
-35.650000 17.790000
-35.720000 17.020000
-35.450000 18.140000
-35.770000 17.980000
-35.680000 18.290000
-35.690000 17.600000
-35.300000 17.970000
-35.950000 17.670000
-35.720000 18.260000
-35.590000 17.770000
-35.930000 18.120000
-35.670000 17.790000
-36.420000 17.830000
-35.980000 17.990000
-35.760000 17.990000
-35.680000 17.880000
-35.680000 17.540000
-35.960000 18.180000
-35.850000 18.180000
-36.070000 18.260000
-35.750000 17.910000
-35.930000 17.780000
-35.910000 17.800000
-35.760000 18.250000
-35.790000 18.470000
-35.970000 18.260000
-35.480000 17.860000
-35.990000 18.340000
-36.020000 18.140000
-35.780000 18.830000
-36.360000 17.370000
-36.230000 17.470000
-36.020000 18.400000
-36.000000 18.250000
-35.840000 18.450000
-35.910000 18.320000
-36.070000 18.020000
-36.320000 18.090000
-36.030000 17.880000
-35.950000 18.020000
-35.660000 18.160000
-36.120000 18.490000
-35.900000 17.900000
-35.900000 18.660000
-35.960000 18.340000
-36.160000 18.880000
-36.000000 18.070000
-35.870000 18.670000
-35.940000 18.190000
-36.000000 18.420000
-36.130000 17.960000
-36.070000 18.460000
-35.830000 18.280000
-36.100000 18.430000
-35.910000 18.060000
-35.910000 17.890000
-35.810000 18.220000
-36.180000 18.280000
-36.030000 18.380000
-36.210000 18.080000
-36.000000 18.420000
-35.610000 18.550000
-35.730000 19.050000
-35.740000 18.690000
-36.050000 18.550000
-35.910000 18.650000
-36.100000 18.760000
-36.010000 18.410000
-36.000000 18.500000
-36.190000 18.530000
-36.170000 18.030000
-36.030000 18.310000
-36.190000 18.530000
-36.100000 18.340000
-36.170000 18.290000
-36.070000 18.450000
-36.000000 18.250000
-35.860000 18.280000
-36.320000 18.770000
-36.470000 18.490000
-36.080000 18.540000
-35.960000 18.370000
-35.840000 18.280000
-36.170000 18.210000
-35.960000 18.290000
-36.310000 18.260000
-36.160000 18.300000
-36.090000 18.950000
-35.990000 18.690000
-36.270000 18.380000
-35.710000 18.300000
-36.150000 19.000000
-36.100000 18.260000
-36.280000 18.290000
-36.080000 18.020000
-36.010000 18.150000
-36.290000 18.790000
-36.080000 18.360000
-36.160000 18.470000
-36.310000 18.340000
-35.890000 18.420000
-35.870000 18.440000
-36.070000 18.290000
-36.000000 18.250000
-35.970000 18.280000
-35.910000 18.400000
-35.680000 18.670000
-35.900000 18.580000
-36.080000 18.360000
-35.990000 18.780000
-36.060000 18.640000
-35.990000 18.510000
-36.460000 18.580000
-36.120000 18.250000
-33.830000 17.240000
-33.710000 22.820000
-35.210000 14.860000
-35.070000 18.760000
-35.880000 18.020000
-35.200000 20.900000
-36.580000 15.240000
-35.500000 19.330000
-36.290000 19.070000
-36.670000 18.800000
-35.550000 19.460000
-35.210000 21.370000
-35.840000 17.550000
-35.450000 18.000000
-35.510000 19.220000
-35.330000 18.440000
-35.250000 18.050000
-35.700000 18.220000
-35.800000 18.570000
-35.600000 18.990000
-35.750000 18.370000
-35.060000 19.130000
-35.610000 18.720000
-35.810000 18.300000
-35.670000 18.090000
-35.690000 18.570000
-35.510000 18.710000
-35.590000 18.740000
-35.510000 18.190000
-36.190000 18.180000
-37.210000 17.540000
-37.150000 17.490000
-35.840000 16.970000
-35.510000 17.640000
-35.480000 16.990000
-35.490000 16.960000
-35.550000 17.010000
-35.520000 18.590000
-35.640000 19.550000
-35.520000 19.740000
-35.800000 19.700000
-35.770000 19.700000
-36.330000 19.450000
-35.920000 19.940000
-35.920000 19.930000
-35.730000 19.570000
-35.560000 19.780000
-35.930000 19.420000
-35.580000 19.750000
-35.670000 19.340000
-35.780000 19.460000
-35.560000 19.690000
-35.570000 19.680000
-35.650000 20.050000
-35.620000 19.870000
-35.920000 19.340000
-35.920000 19.940000
-35.880000 20.680000
-35.450000 20.040000
-35.510000 19.570000
-35.600000 19.520000
-35.660000 19.610000
-35.640000 19.460000
-35.740000 19.820000
-36.030000 20.120000
-35.550000 19.430000
-35.800000 19.620000
-35.640000 20.060000
-35.650000 19.470000
-35.610000 19.590000
-35.820000 18.980000
-35.830000 19.750000
-35.450000 19.360000
-36.030000 19.160000
-36.050000 19.230000
-36.040000 19.590000
-35.920000 19.250000
-35.920000 19.250000
-35.830000 19.920000
-35.730000 19.390000
-35.720000 19.420000
-35.940000 19.310000
-35.750000 19.110000
-35.830000 19.150000
-35.630000 19.830000
-35.440000 19.610000
-35.490000 19.600000
-35.650000 20.060000
-35.560000 19.000000
-35.680000 18.910000
-35.800000 18.210000
-35.650000 18.660000
-35.620000 18.010000
-35.810000 17.590000
-36.050000 17.380000
-35.490000 18.530000
-35.960000 18.520000
-36.550000 18.140000
-36.570000 18.280000
-36.780000 17.870000
-36.350000 18.120000
-36.000000 17.710000
-35.600000 17.760000
-35.440000 17.880000
-35.900000 17.700000
-35.850000 17.480000
-35.880000 17.200000
-35.810000 17.510000
-35.670000 17.630000
-35.570000 17.770000
-35.640000 17.820000
-35.620000 17.830000
-35.950000 18.460000
-36.150000 18.030000
-36.090000 17.980000
-35.970000 18.520000
-35.870000 18.420000
-35.570000 18.740000
-35.590000 18.540000
-35.940000 18.460000
-36.020000 18.740000
-35.590000 18.540000
-35.590000 18.900000
-35.680000 18.820000
-35.970000 18.510000
-35.960000 18.510000
-35.790000 18.030000
-35.770000 18.330000
-35.700000 18.190000
-35.630000 18.830000
-35.850000 19.140000
-36.150000 18.110000
-36.080000 18.250000
-35.950000 18.190000
-35.720000 19.040000
-35.600000 18.020000
-36.200000 18.060000
-35.710000 17.730000
-35.780000 18.130000
-35.710000 17.580000
-35.950000 18.060000
-36.020000 17.740000
-36.110000 17.780000
-35.650000 17.940000
-35.790000 17.770000
-35.930000 17.820000
-36.000000 18.220000
-35.820000 18.180000
-35.720000 17.900000
-36.100000 17.790000
-35.620000 18.170000
-35.800000 17.860000
-35.940000 18.510000
-35.760000 17.690000
-35.780000 17.680000
-35.950000 17.720000
-35.890000 18.390000
-35.590000 17.750000
-35.900000 18.390000
-35.820000 18.100000
-35.620000 18.170000
-36.140000 17.740000
-36.140000 18.460000
-36.010000 18.380000
-35.800000 18.560000
-35.980000 18.410000
-35.820000 18.450000
-35.830000 18.600000
-35.810000 18.550000
-36.000000 18.380000
-36.010000 18.720000
-35.920000 18.270000
-35.970000 18.420000
-35.910000 18.370000
-35.650000 18.310000
-35.770000 18.490000
-35.720000 18.340000
-35.920000 18.360000
-35.920000 18.450000
-36.000000 17.870000
-35.910000 18.280000
-35.890000 17.680000
-36.040000 18.710000
-35.860000 18.680000
-36.230000 18.050000
-35.950000 18.420000
-35.510000 18.430000
-35.710000 18.260000
-36.200000 18.410000
-35.720000 18.170000
-36.030000 17.920000
-36.170000 18.870000
-35.810000 18.810000
-35.740000 18.760000
-35.920000 19.130000
-36.210000 18.200000
-35.910000 18.540000
-35.810000 18.620000
-35.800000 18.540000
-36.020000 18.100000
-36.000000 18.650000
-36.080000 18.500000
-35.810000 18.620000
-36.150000 18.280000
